0	-0.14299	0.165714
0.01	-0.0398691	0.270577
0.02	0.0632109	0.364898
0.03	0.16618	0.450031
0.04	0.268969	0.527833
0.05	0.371507	0.600483
0.06	0.473726	0.670272
0.07	0.575555	0.73939
0.08	0.676925	0.809721
0.09	0.777769	0.882672
0.1	0.878017	0.959047
0.11	0.977601	1.03898
0.12	1.07646	1.12193
0.13	1.17451	1.20676
0.14	1.27171	1.29185
0.15	1.36797	1.37527
0.16	1.46324	1.45503
0.17	1.55746	1.52928
0.18	1.65056	1.59655
0.19	1.74247	1.65597
0.2	1.83315	1.70739
0.21	1.92252	1.75153
0.22	2.01054	1.78995
0.23	2.09714	1.82502
0.24	2.18227	1.8598
0.25	2.26587	1.89777
0.26	2.3479	1.94266
0.27	2.42829	1.99807
0.28	2.507	2.06719
0.29	2.58398	2.15252
0.3	2.65919	2.25559
0.31	2.73257	2.37675
0.32	2.80409	2.5151
0.33	2.8737	2.6684
0.34	2.94136	2.83322
0.35	3.00704	3.00506
0.36	3.07069	3.17866
0.37	3.13228	3.34829
0.38	3.19178	3.50814
0.39	3.24915	3.65272
0.4	3.30438	3.77726
0.41	3.35742	3.87801
0.42	3.40826	3.95255
0.43	3.45686	3.99995
0.44	3.50322	4.02083
0.45	3.5473	4.01735
0.46	3.5891	3.99304
0.47	3.62859	3.95251
0.48	3.66577	3.90117
0.49	3.70061	3.84479
0.5	3.73312	3.78909
0.51	3.76328	3.73932
0.52	3.79108	3.69988
0.53	3.81654	3.67401
0.54	3.83963	3.66356
0.55	3.86037	3.66894
0.56	3.87876	3.68903
0.57	3.89479	3.72142
0.58	3.90848	3.76255
0.59	3.91984	3.80812
0.6	3.92887	3.85341
0.61	3.93559	3.8937
0.62	3.94001	3.92474
0.63	3.94215	3.94304
0.64	3.94202	3.94622
0.65	3.93965	3.93322
0.66	3.93505	3.90437
0.67	3.92825	3.86138
0.68	3.91928	3.8072
0.69	3.90815	3.74576
0.7	3.89491	3.68166
0.71	3.87957	3.61975
0.72	3.86217	3.56472
0.73	3.84274	3.52069
0.74	3.82132	3.49087
0.75	3.79794	3.47722
0.76	3.77263	3.48029
0.77	3.74545	3.49913
0.78	3.71642	3.53135
0.79	3.68559	3.5733
0.8	3.653	3.62031
0.81	3.61869	3.66707
0.82	3.58271	3.70807
0.83	3.5451	3.73801
0.84	3.50591	3.75227
0.85	3.46519	3.74724
0.86	3.42298	3.72064
0.87	3.37934	3.67174
0.88	3.33431	3.60141
0.89	3.28795	3.51206
0.9	3.2403	3.40748
0.91	3.19142	3.29255
0.92	3.14137	3.17284
0.93	3.09019	3.0542
0.94	3.03793	2.94232
0.95	2.98467	2.84223
0.96	2.93044	2.75797
0.97	2.8753	2.69225
0.98	2.81931	2.64624
0.99	2.76252	2.61952
1	2.705	2.61007
1.01	2.64679	2.6145
1.02	2.58795	2.62827
1.03	2.52853	2.64612
1.04	2.4686	2.66242
1.05	2.40822	2.67167
1.06	2.34742	2.66891
1.07	2.28628	2.65007
1.08	2.22484	2.61233
1.09	2.16317	2.55428
1.1	2.10131	2.476
1.11	2.03933	2.37904
1.12	1.97727	2.26625
1.13	1.91519	2.14155
1.14	1.85314	2.00955
1.15	1.79118	1.87517
1.16	1.72936	1.74329
1.17	1.66774	1.61829
1.18	1.60635	1.50376
1.19	1.54526	1.40223
1.2	1.48451	1.315
1.21	1.42415	1.24209
1.22	1.36424	1.18231
1.23	1.30481	1.13343
1.24	1.24592	1.09239
1.25	1.18762	1.05567
1.26	1.12994	1.01962
1.27	1.07294	0.980825
1.28	1.01665	0.936422
1.29	0.961117	0.884389
1.3	0.906388	0.823732
1.31	0.852501	0.754576
1.32	0.799495	0.678159
1.33	0.747409	0.596708
1.34	0.696282	0.513236
1.35	0.646148	0.431249
1.36	0.597045	0.354419
1.37	0.549006	0.286222
1.38	0.502065	0.229599
1.39	0.456254	0.186659
1.4	0.411604	0.15845
1.41	0.368146	0.144823
1.42	0.325907	0.144404
1.43	0.284915	0.154671
1.44	0.245197	0.172144
1.45	0.206777	0.192655
1.46	0.16968	0.211694
1.47	0.133929	0.22479
1.48	0.0995438	0.227902
1.49	0.0665458	0.217783
1.5	0.0349536	0.192285
1.51	0.00478479	0.150581
1.52	-0.0239441	0.093283
1.53	-0.0512181	0.0224415
1.54	-0.0770232	-0.0585725
1.55	-0.101347	-0.145297
1.56	-0.124178	-0.232504
1.57	-0.145507	-0.314591
1.58	-0.165324	-0.386016
1.59	-0.183622	-0.441731
1.6	-0.200395	-0.477593
1.61	-0.215639	-0.490706
1.62	-0.229349	-0.479673
1.63	-0.241524	-0.44474
1.64	-0.252162	-0.387813
1.65	-0.261264	-0.31235
1.66	-0.268831	-0.223133
1.67	-0.274867	-0.125941
1.68	-0.279375	-0.0271438
1.69	-0.28236	0.0667514
1.7	-0.28383	0.149561
1.71	-0.283792	0.215867
1.72	-0.282256	0.261404
1.73	-0.279231	0.283356
1.74	-0.27473	0.280551
1.75	-0.268766	0.253538
1.76	-0.261352	0.20453
1.77	-0.252503	0.137241
1.78	-0.242237	0.0566085
1.79	-0.230571	-0.0315614
1.8	-0.217524	-0.121009
1.81	-0.203115	-0.205454
1.82	-0.187367	-0.279028
1.83	-0.1703	-0.336657
1.84	-0.15194	-0.374389
1.85	-0.13231	-0.389624
1.86	-0.111436	-0.381253
1.87	-0.0893442	-0.349673
1.88	-0.0660632	-0.296716
1.89	-0.0416215	-0.225464
1.9	-0.0160489	-0.139997
1.91	0.0106237	-0.045079
1.92	0.0383644	0.0541867
1.93	0.0671404	0.152709
1.94	0.0969179	0.245738
1.95	0.127662	0.329155
1.96	0.159338	0.399698
1.97	0.191908	0.455116
1.98	0.225336	0.494247
1.99	0.259583	0.517012
2	0.29461	0.524343
2.01	0.330378	0.518042
2.02	0.366846	0.500605
2.03	0.403972	0.475005
2.04	0.441716	0.444479
2.05	0.480033	0.412308
2.06	0.518882	0.381631
2.07	0.558219	0.355287
2.08	0.597998	0.335697
2.09	0.638175	0.324791
2.1	0.678705	0.323983
2.11	0.719542	0.334175
2.12	0.760639	0.355796
2.13	0.80195	0.388867
2.14	0.843427	0.433062
2.15	0.885024	0.487783
2.16	0.926693	0.552222
2.17	0.968385	0.62541
2.18	1.01005	0.70625
2.19	1.05165	0.793531
2.2	1.09312	0.885936
2.21	1.13443	0.982031
2.22	1.17552	1.08026
2.23	1.21634	1.17895
2.24	1.25685	1.2763
2.25	1.29699	1.37044
2.26	1.33672	1.45945
2.27	1.376	1.54145
2.28	1.41477	1.61466
2.29	1.45298	1.67754
2.3	1.49059	1.72888
2.31	1.52756	1.76787
2.32	1.56383	1.79427
2.33	1.59936	1.80838
2.34	1.6341	1.81113
2.35	1.66801	1.80407
2.36	1.70105	1.78929
2.37	1.73318	1.76933
2.38	1.76434	1.74707
2.39	1.7945	1.72554
2.4	1.82361	1.70772
2.41	1.85164	1.69637
2.42	1.87855	1.69384
2.43	1.90429	1.70191
2.44	1.92884	1.72162
2.45	1.95214	1.75327
2.46	1.97418	1.79631
2.47	1.99491	1.84946
2.48	2.01429	1.91072
2.49	2.03231	1.97757
2.5	2.04893	2.04714
2.51	2.06411	2.11638
2.52	2.07783	2.18236
2.53	2.09007	2.24237
2.54	2.10079	2.29421
2.55	2.10997	2.33624
2.56	2.1176	2.36756
2.57	2.12364	2.38796
2.58	2.12809	2.39795
2.59	2.13092	2.39864
2.6	2.13211	2.39163
2.61	2.13165	2.3788
2.62	2.12953	2.36215
2.63	2.12574	2.34356
2.64	2.12026	2.32464
2.65	2.1131	2.30656
2.66	2.10423	2.28993
2.67	2.09366	2.27476
2.68	2.08138	2.26045
2.69	2.0674	2.24587
2.7	2.05171	2.22947
2.71	2.03432	2.20945
2.72	2.01523	2.18395
2.73	1.99444	2.15124
2.74	1.97197	2.10994
2.75	1.94782	2.05918
2.76	1.922	1.9987
2.77	1.89454	1.92895
2.78	1.86544	1.85111
2.79	1.83471	1.76697
2.8	1.80239	1.67891
2.81	1.76849	1.58961
2.82	1.73302	1.50195
2.83	1.69603	1.41873
2.84	1.65752	1.34241
2.85	1.61753	1.27499
2.86	1.57609	1.21776
2.87	1.53322	1.17121
2.88	1.48897	1.13501
2.89	1.44336	1.10801
2.9	1.39642	1.08833
2.91	1.34821	1.07354
2.92	1.29874	1.06085
2.93	1.24807	1.04736
2.94	1.19624	1.03033
2.95	1.14328	1.00739
2.96	1.08924	0.976788
2.97	1.03417	0.937527
2.98	0.978116	0.88947
2.99	0.921118	0.833355
3	0.86323	0.770733
3.01	0.804501	0.70383
3.02	0.74498	0.63535
3.03	0.684722	0.56822
3.04	0.623777	0.505321
3.05	0.562199	0.449201
3.06	0.500043	0.401824
3.07	0.437363	0.364354
3.08	0.374216	0.337011
3.09	0.310658	0.319
3.1	0.246744	0.308532
3.11	0.182534	0.302937
3.12	0.118083	0.298846
3.13	0.0534513	0.292454
3.14	-0.0113041	0.279824
3.15	-0.0761243	0.25721
3.16	-0.140951	0.221382
3.17	-0.205725	0.169914
3.18	-0.270388	0.101419
3.19	-0.334881	0.0157007
3.2	-0.399145	-0.0861824
3.21	-0.463123	-0.201956
3.22	-0.526757	-0.328269
3.23	-0.589988	-0.460917
3.24	-0.652759	-0.595148
3.25	-0.715015	-0.726008
3.26	-0.776697	-0.848721
3.27	-0.837752	-0.959045
3.28	-0.898123	-1.05361
3.29	-0.957757	-1.13018
3.3	-1.0166	-1.18782
3.31	-1.0746	-1.227
3.32	-1.13171	-1.24953
3.33	-1.18787	-1.25843
3.34	-1.24303	-1.25773
3.35	-1.29715	-1.25207
3.36	-1.35018	-1.24645
3.37	-1.40208	-1.2457
3.38	-1.45279	-1.25422
3.39	-1.50228	-1.27553
3.4	-1.5505	-1.31206
3.41	-1.59742	-1.3649
3.42	-1.64299	-1.43376
3.43	-1.68717	-1.51696
3.44	-1.72994	-1.61156
3.45	-1.77125	-1.71363
3.46	-1.81107	-1.81853
3.47	-1.84938	-1.9213
3.48	-1.88614	-2.01705
3.49	-1.92132	-2.10137
3.5	-1.9549	-2.17063
3.51	-1.98686	-2.22233
3.52	-2.01717	-2.25526
3.53	-2.04581	-2.26961
3.54	-2.07277	-2.26694
3.55	-2.09802	-2.25006
3.56	-2.12156	-2.22279
3.57	-2.14337	-2.18965
3.58	-2.16344	-2.15549
3.59	-2.18176	-2.12514
3.6	-2.19832	-2.10295
3.61	-2.21312	-2.09249
3.62	-2.22616	-2.09625
3.63	-2.23743	-2.11546
3.64	-2.24694	-2.14997
3.65	-2.25469	-2.19825
3.66	-2.26068	-2.25757
3.67	-2.26492	-2.32415
3.68	-2.26742	-2.39351
3.69	-2.2682	-2.46079
3.7	-2.26725	-2.52115
3.71	-2.2646	-2.57013
3.72	-2.26027	-2.60397
3.73	-2.25426	-2.61994
3.74	-2.2466	-2.61648
3.75	-2.23732	-2.59332
3.76	-2.22643	-2.5515
3.77	-2.21397	-2.4932
3.78	-2.19995	-2.42162
3.79	-2.1844	-2.34065
3.8	-2.16736	-2.25458
3.81	-2.14886	-2.16775
3.82	-2.12892	-2.0842
3.83	-2.10759	-2.00739
3.84	-2.0849	-1.93994
3.85	-2.06088	-1.88344
3.86	-2.03558	-1.8384
3.87	-2.00903	-1.80426
3.88	-1.98128	-1.77947
3.89	-1.95236	-1.76168
3.9	-1.92233	-1.74801
3.91	-1.89122	-1.73533
3.92	-1.85908	-1.72055
3.93	-1.82595	-1.70093
3.94	-1.79189	-1.67433
3.95	-1.75694	-1.63941
3.96	-1.72115	-1.59578
3.97	-1.68457	-1.54399
3.98	-1.64725	-1.48552
3.99	-1.60924	-1.42265
4	-1.57059	-1.35822
4.01	-1.53135	-1.29541
4.02	-1.49158	-1.23744
4.03	-1.45132	-1.18726
4.04	-1.41064	-1.14728
4.05	-1.36959	-1.11912
4.06	-1.32821	-1.10347
4.07	-1.28656	-1.09995
4.08	-1.24469	-1.10712
4.09	-1.20267	-1.12259
4.1	-1.16053	-1.14312
4.11	-1.11834	-1.16491
4.12	-1.07616	-1.18387
4.13	-1.03402	-1.19591
4.14	-0.991987	-1.1973
4.15	-0.950112	-1.18497
4.16	-0.908448	-1.15672
4.17	-0.867045	-1.11148
4.18	-0.825956	-1.04937
4.19	-0.785231	-0.971735
4.2	-0.74492	-0.881097
4.21	-0.705074	-0.780972
4.22	-0.665741	-0.675647
4.23	-0.62697	-0.569886
4.24	-0.588808	-0.4686
4.25	-0.551302	-0.376505
4.26	-0.514498	-0.29779
4.27	-0.478442	-0.235825
4.28	-0.443178	-0.19292
4.29	-0.408749	-0.170168
4.3	-0.375197	-0.167363
4.31	-0.342564	-0.183013
4.32	-0.310889	-0.214448
4.33	-0.280214	-0.257995
4.34	-0.250574	-0.309235
4.35	-0.222008	-0.363295
4.36	-0.19455	-0.415177
4.37	-0.168237	-0.460089
4.38	-0.1431	-0.493753
4.39	-0.119173	-0.512681
4.4	-0.0964861	-0.514388
4.41	-0.0750688	-0.497538
4.42	-0.0549494	-0.462011
4.43	-0.0361551	-0.408891
4.44	-0.0187114	-0.34037
4.45	-0.0026427	-0.259597
4.46	0.0120281	-0.170451
4.47	0.0252795	-0.0772934
4.48	0.0370913	0.0153163
4.49	0.0474447	0.1029
4.5	0.0563223	0.181327
4.51	0.0637082	0.247051
4.52	0.0695879	0.297298
4.53	0.0739481	0.330202
4.54	0.0767773	0.344875
4.55	0.0780651	0.341419
4.56	0.0778028	0.320876
4.57	0.0759827	0.285123
4.58	0.0725991	0.236722
4.59	0.0676473	0.178737
4.6	0.0611242	0.114535
4.61	0.0530279	0.0475738
4.62	0.0433583	-0.0187987
4.63	0.0321164	-0.0815279
4.64	0.0193046	-0.138009
4.65	0.00492678	-0.186208
4.66	-0.0110118	-0.224739
4.67	-0.0285045	-0.252905
4.68	-0.0475434	-0.270696
4.69	-0.0681192	-0.27874
4.7	-0.0902212	-0.278236
4.71	-0.113837	-0.270845
4.72	-0.138955	-0.258574
4.73	-0.165558	-0.243641
4.74	-0.193633	-0.228338
4.75	-0.22316	-0.214903
4.76	-0.254123	-0.205399
4.77	-0.286502	-0.20161
4.78	-0.320275	-0.20496
4.79	-0.35542	-0.216454
4.8	-0.391916	-0.236645
4.81	-0.429736	-0.265629
4.82	-0.468857	-0.303064
4.83	-0.50925	-0.348207
4.84	-0.550889	-0.39998
4.85	-0.593744	-0.45704
4.86	-0.637787	-0.517872
4.87	-0.682985	-0.580883
4.88	-0.729308	-0.644494
4.89	-0.776721	-0.707238
4.9	-0.825192	-0.767842
4.91	-0.874685	-0.8253
4.92	-0.925165	-0.878932
4.93	-0.976596	-0.92842
4.94	-1.02894	-0.973825
4.95	-1.08216	-1.01558
4.96	-1.13621	-1.05447
4.97	-1.19105	-1.09157
4.98	-1.24666	-1.12819
4.99	-1.30297	-1.16579
5	-1.35995	-1.20587
5.01	-1.41757	-1.24991
5.02	-1.47576	-1.29923
5.03	-1.5345	-1.35492
5.04	-1.59373	-1.41778
5.05	-1.6534	-1.4882
5.06	-1.71348	-1.56616
5.07	-1.77392	-1.65124
5.08	-1.83467	-1.74255
5.09	-1.89567	-1.83884
5.1	-1.95689	-1.93853
5.11	-2.01828	-2.03979
5.12	-2.07978	-2.14065
5.13	-2.14134	-2.23911
5.14	-2.20292	-2.33326
5.15	-2.26447	-2.42139
5.16	-2.32594	-2.5021
5.17	-2.38727	-2.57437
5.18	-2.44841	-2.63767
5.19	-2.50932	-2.69195
5.2	-2.56995	-2.73769
5.21	-2.63023	-2.77585
5.22	-2.69013	-2.80785
5.23	-2.74958	-2.83545
5.24	-2.80854	-2.8607
5.25	-2.86696	-2.88576
5.26	-2.92479	-2.91285
5.27	-2.98197	-2.94403
5.28	-3.03845	-2.98114
5.29	-3.09418	-3.02565
5.3	-3.14912	-3.07856
5.31	-3.20321	-3.14039
5.32	-3.25639	-3.21103
5.33	-3.30863	-3.28985
5.34	-3.35987	-3.37562
5.35	-3.41007	-3.46666
5.36	-3.45917	-3.56084
5.37	-3.50712	-3.65574
5.38	-3.55388	-3.74876
5.39	-3.5994	-3.83727
5.4	-3.64363	-3.91872
5.41	-3.68654	-3.99082
5.42	-3.72806	-4.05161
5.43	-3.76816	-4.09965
5.44	-3.8068	-4.13401
5.45	-3.84393	-4.15439
5.46	-3.8795	-4.16113
5.47	-3.91348	-4.15517
5.48	-3.94583	-4.13805
5.49	-3.9765	-4.11178
5.5	-4.00546	-4.07882
5.51	-4.03267	-4.04185
5.52	-4.05809	-4.00371
5.53	-4.08169	-3.96723
5.54	-4.10343	-3.93505
5.55	-4.12328	-3.9095
5.56	-4.1412	-3.89249
5.57	-4.15718	-3.88536
5.58	-4.17116	-3.88883
5.59	-4.18314	-3.90293
5.6	-4.19308	-3.92704
5.61	-4.20095	-3.95987
5.62	-4.20673	-3.99954
5.63	-4.21039	-4.0437
5.64	-4.21193	-4.08966
5.65	-4.21131	-4.13449
5.66	-4.20851	-4.17526
5.67	-4.20353	-4.20918
5.68	-4.19634	-4.23374
5.69	-4.18694	-4.24691
5.7	-4.1753	-4.24722
5.71	-4.16142	-4.23389
5.72	-4.14529	-4.20685
5.73	-4.1269	-4.16677
5.74	-4.10625	-4.11502
5.75	-4.08333	-4.05357
5.76	-4.05815	-3.98491
5.77	-4.0307	-3.91184
5.78	-4.00097	-3.83733
5.79	-3.96899	-3.76435
5.8	-3.93475	-3.69563
5.81	-3.89825	-3.63352
5.82	-3.85952	-3.57982
5.83	-3.81855	-3.53569
5.84	-3.77536	-3.50153
5.85	-3.72997	-3.47703
5.86	-3.68239	-3.46111
5.87	-3.63263	-3.45208
5.88	-3.58073	-3.4477
5.89	-3.5267	-3.44537
5.9	-3.47056	-3.44232
5.91	-3.41234	-3.43578
5.92	-3.35206	-3.4232
5.93	-3.28977	-3.40238
5.94	-3.22547	-3.3717
5.95	-3.15922	-3.33013
5.96	-3.09104	-3.27737
5.97	-3.02097	-3.21379
5.98	-2.94904	-3.14043
5.99	-2.8753	-3.05886
6	-2.79978	-2.97107
6.01	-2.72254	-2.87929
6.02	-2.6436	-2.78576
6.03	-2.56303	-2.6926
6.04	-2.48086	-2.6016
6.05	-2.39714	-2.51404
6.06	-2.31193	-2.43063
6.07	-2.22528	-2.35143
6.08	-2.13723	-2.27582
6.09	-2.04785	-2.20258
6.1	-1.95719	-2.12998
6.11	-1.8653	-2.05593
6.12	-1.77224	-1.97817
6.13	-1.67808	-1.89444
6.14	-1.58287	-1.80274
6.15	-1.48668	-1.70144
6.16	-1.38956	-1.5895
6.17	-1.29158	-1.46656
6.18	-1.1928	-1.33299
6.19	-1.0933	-1.1899
6.2	-0.993122	-1.03909
6.21	-0.892348	-0.882912
6.22	-0.791042	-0.724117
6.23	-0.689271	-0.565667
6.24	-0.587103	-0.41051
6.25	-0.484606	-0.26137
6.26	-0.381849	-0.120548
6.27	-0.278902	0.0102368
6.28	-0.175834	0.129964
