0	0
0.02	0.019968
0.04	0.0397456
0.06	0.0591483
0.08	0.0780031
0.1	0.0961538
0.12	0.113464
0.14	0.129822
0.16	0.145138
0.18	0.159348
0.2	0.172414
0.22	0.184316
0.24	0.195059
0.26	0.20466
0.28	0.213155
0.3	0.220588
0.32	0.227015
0.34	0.232495
0.36	0.237092
0.38	0.240872
0.4	0.243902
0.42	0.246248
0.44	0.247971
0.46	0.249133
0.48	0.249792
0.5	0.25
0.52	0.249808
0.54	0.249261
0.56	0.248403
0.58	0.247271
0.6	0.245902
0.62	0.244325
0.64	0.242571
0.66	0.240665
0.68	0.23863
0.7	0.236486
0.72	0.234253
0.74	0.231946
0.76	0.22958
0.78	0.227167
0.8	0.224719
0.82	0.222246
0.84	0.219757
0.86	0.21726
0.88	0.21476
0.9	0.212264
0.92	0.209777
0.94	0.207304
0.96	0.204848
0.98	0.202412
1	0.2
1.02	0.197613
1.04	0.195254
1.06	0.192924
1.08	0.190624
1.1	0.188356
1.12	0.186121
1.14	0.183918
1.16	0.18175
1.18	0.179615
1.2	0.177515
1.22	0.175449
1.24	0.173417
1.26	0.171419
1.28	0.169456
1.3	0.167526
1.32	0.165629
1.34	0.163766
1.36	0.161936
1.38	0.160137
1.4	0.158371
1.42	0.156636
1.44	0.154932
1.46	0.153258
1.48	0.151615
1.5	0.15
1.52	0.148414
1.54	0.146857
1.56	0.145327
1.58	0.143825
1.6	0.142349
1.62	0.140899
1.64	0.139475
1.66	0.138076
1.68	0.136701
1.7	0.13535
1.72	0.134023
1.74	0.132719
1.76	0.131438
1.78	0.130178
1.8	0.12894
1.82	0.127723
1.84	0.126527
1.86	0.125351
1.88	0.124194
1.9	0.123057
1.92	0.121939
1.94	0.120839
1.96	0.119758
1.98	0.118694
2	0.117647
