1.000000
1.000000
0.990000
0.970100
0.940499
0.901493
0.853472
0.796916
0.732391
0.660542
0.582088
0.497813
0.408560
0.315221
0.218729
0.120051
0.020172
-0.079909
-0.179190
-0.276680
-0.371403
-0.462412
-0.548796
-0.629693
-0.704293
-0.771850
-0.831688
-0.883210
-0.925899
-0.959329
-0.983166
-0.997171
-1.001205
-0.995226
-0.979295
-0.953572
-0.918312
-0.873869
-0.820688
-0.759299
-0.690318
-0.614433
-0.532405
-0.445052
-0.353248
-0.257912
-0.159997
-0.060482
0.039638
0.139362
0.237692
0.333645
0.426261
0.514615
0.597823
0.675052
0.745531
0.808555
0.863493
0.909796
0.947001
0.974736
0.992724
1.000784
0.998837
0.986901
0.965096
0.933640
0.892848
0.843127
0.784975
0.718973
0.645781
0.566132
0.480821
0.390702
0.296676
0.199683
0.100693
0.000697
-0.099307
-0.198317
-0.295345
-0.389419
-0.479598
-0.564982
-0.644716
-0.718002
-0.784109
-0.842375
-0.892217
-0.933136
-0.964724
-0.986665
-0.998739
-1.000826
-0.992905
-0.975054
-0.947453
-0.910377
-0.864198
-0.809376
-0.746461
-0.676081
-0.598940
-0.515810
-0.427522
-0.334958
-0.239045
-0.140741
-0.041030
0.059091
0.158621
0.256565
0.351944
0.443803
0.531224
0.613333
0.689308
0.758390
0.819889
0.873188
0.917756
0.953146
0.979004
0.995073
1.001190
0.997296
0.983429
0.959727
0.926428
0.883865
0.832463
0.772737
0.705283
0.630776
0.549961
0.463647
0.372697
0.278019
0.180561
0.081298
-0.018779
-0.118667
-0.217369
-0.313898
-0.407287
-0.496603
-0.580954
-0.659495
-0.731440
-0.796072
-0.852742
-0.900886
-0.940020
-0.969754
-0.989791
-0.999929
-1.000069
-0.990207
-0.970444
-0.940975
-0.902098
-0.854199
-0.797758
-0.733340
-0.661588
-0.583220
-0.499020
-0.409830
-0.316541
-0.220088
-0.121433
-0.021564
0.078521
0.177821
0.275342
0.370110
0.461177
0.547632
0.628610
0.703303
0.770962
0.830912
0.882553
0.925368
0.958930
0.982902
0.997045
1.001217
0.995378
0.979584
0.953995
0.918866
0.874548
0.821484
0.760206
0.691326
0.615532
0.533583
0.446298
0.354550
0.259257
0.161371
0.061871
-0.038247
-0.137983
-0.236339
-0.332332
-0.425001
-0.513421
-0.596706
-0.674024
-0.744601
-0.807733
-0.862787
-0.909214
-0.946548
-0.974417
-0.992542
-1.000741
-0.998933
-0.987135
-0.965466
-0.934142
-0.893477
-0.843877
-0.785838
-0.719941
-0.646845
-0.567279
-0.482042
-0.391983
-0.298005
-0.201047
-0.102078
-0.002089
0.097922
0.196953
0.294014
0.388136
0.478376
0.563832
0.643650
0.717032
0.783243
0.841621
0.891584
0.932630
0.964351
0.986427
0.998640
1.000866
0.993083
0.975369
0.947902
0.910956
0.864900
0.810195
0.747388
0.677107
0.600055
0.517003
0.428780
0.336270
0.240397
0.142120
0.042421
-0.057701
-0.157247
-0.255220
-0.350640
-0.442555
-0.530043
-0.612232
-0.688298
-0.757481
-0.819089
-0.872506
-0.917198
-0.952718
-0.978711
-0.994917
-1.001174
-0.997419
-0.983689
-0.960123
-0.926955
-0.884518
-0.833236
-0.773621
-0.706270
-0.631857
-0.551124
-0.464881
-0.373988
-0.279356
-0.181930
-0.082685
0.017387
0.117285
0.216010
0.312576
0.406015
0.495394
0.579819
0.658446
0.730489
0.795227
0.852012
0.900277
0.939540
0.969407
0.989580
0.999857
1.000135
0.990412
0.970785
0.941450
0.902701
0.854924
0.798599
0.734287
0.662632
0.584351
0.500227
0.411100
0.317862
0.221445
0.122815
0.022955
-0.077133
-0.176451
-0.274003
-0.368816
-0.459941
-0.546466
-0.627526
-0.702311
-0.770073
-0.830135
-0.881895
-0.924836
-0.958528
-0.982635
-0.996916
-1.001228
-0.995528
-0.979872
-0.954417
-0.919418
-0.875225
-0.822280
-0.761111
-0.692332
-0.616629
-0.534760
-0.447544
-0.355852
-0.260601
-0.162745
-0.063261
0.036856
0.136604
0.234986
0.331018
0.423740
0.512225
0.595587
0.672994
0.743670
0.806910
0.862081
0.908630
0.946094
0.974096
0.992357
1.000695
0.999026
0.987367
0.965834
0.934642
0.894105
0.844625
0.786700
0.720908
0.647907
0.568426
0.483261
0.393264
0.299334
0.202410
0.103463
0.003481
-0.096536
-0.195588
-0.292683
-0.386852
-0.477153
-0.562681
