0.000000 1.000000
0.020000 1.000000
0.040000 0.999604
0.060000 0.998817
0.080000 0.997643
0.100000 0.996084
0.120000 0.994147
0.140000 0.991835
0.160000 0.989153
0.180000 0.986105
0.200000 0.982697
0.220000 0.978933
0.240000 0.974817
0.260000 0.970356
0.280000 0.965553
0.300000 0.960416
0.320000 0.954947
0.340000 0.949154
0.360000 0.943042
0.380000 0.936616
0.400000 0.929881
0.420000 0.922844
0.440000 0.915511
0.460000 0.907886
0.480000 0.899977
0.500000 0.891789
0.520000 0.883328
0.540000 0.874600
0.560000 0.865611
0.580000 0.856369
0.600000 0.846878
0.620000 0.837145
0.640000 0.827176
0.660000 0.816979
0.680000 0.806559
0.700000 0.795922
0.720000 0.785076
0.740000 0.774026
0.760000 0.762780
0.780000 0.751343
0.800000 0.739723
0.820000 0.727925
0.840000 0.715957
0.860000 0.703825
0.880000 0.691536
0.900000 0.679096
0.920000 0.666512
0.940000 0.653790
0.960000 0.640938
0.980000 0.627961
1.000000 0.614866
1.020000 0.601661
1.040000 0.588350
1.060000 0.574942
1.080000 0.561442
1.100000 0.547857
1.120000 0.534193
1.140000 0.520458
1.160000 0.506656
1.180000 0.492795
1.200000 0.478881
1.220000 0.464920
1.240000 0.450919
1.260000 0.436884
1.280000 0.422820
1.300000 0.408735
1.320000 0.394634
1.340000 0.380522
1.360000 0.366407
1.380000 0.352294
1.400000 0.338189
1.420000 0.324098
1.440000 0.310026
1.460000 0.295980
1.480000 0.281964
1.500000 0.267984
1.520000 0.254046
1.540000 0.240156
1.560000 0.226318
1.580000 0.212538
1.600000 0.198821
1.620000 0.185172
1.640000 0.171596
1.660000 0.158099
1.680000 0.144684
1.700000 0.131358
1.720000 0.118124
1.740000 0.104987
1.760000 0.091952
1.780000 0.079023
1.800000 0.066205
1.820000 0.053502
1.840000 0.040917
1.860000 0.028456
1.880000 0.016122
1.900000 0.003920
1.920000 -0.008148
1.940000 -0.020077
1.960000 -0.031864
1.980000 -0.043505
2.000000 -0.054997
2.020000 -0.066336
2.040000 -0.077519
2.060000 -0.088543
2.080000 -0.099405
2.100000 -0.110101
2.120000 -0.120630
2.140000 -0.130988
2.160000 -0.141173
2.180000 -0.151182
2.200000 -0.161012
2.220000 -0.170661
2.240000 -0.180128
2.260000 -0.189409
2.280000 -0.198503
2.300000 -0.207408
2.320000 -0.216122
2.340000 -0.224643
2.360000 -0.232970
2.380000 -0.241100
2.400000 -0.249033
2.420000 -0.256768
2.440000 -0.264302
2.460000 -0.271634
2.480000 -0.278765
2.500000 -0.285692
2.520000 -0.292415
2.540000 -0.298933
2.560000 -0.305246
2.580000 -0.311352
2.600000 -0.317252
2.620000 -0.322944
2.640000 -0.328430
2.660000 -0.333707
2.680000 -0.338777
2.700000 -0.343640
2.720000 -0.348294
2.740000 -0.352742
2.760000 -0.356982
2.780000 -0.361015
2.800000 -0.364842
2.820000 -0.368464
2.840000 -0.371879
2.860000 -0.375091
2.880000 -0.378098
2.900000 -0.380903
2.920000 -0.383505
2.940000 -0.385906
2.960000 -0.388108
2.980000 -0.390111
3.000000 -0.391916
3.020000 -0.393525
3.040000 -0.394939
3.060000 -0.396160
3.080000 -0.397189
3.100000 -0.398028
3.120000 -0.398679
3.140000 -0.399143
3.160000 -0.399422
3.180000 -0.399518
3.200000 -0.399432
3.220000 -0.399168
3.240000 -0.398727
3.260000 -0.398110
3.280000 -0.397321
3.300000 -0.396362
3.320000 -0.395234
3.340000 -0.393941
3.360000 -0.392484
3.380000 -0.390866
3.400000 -0.389089
3.420000 -0.387157
3.440000 -0.385071
3.460000 -0.382834
3.480000 -0.380450
3.500000 -0.377920
3.520000 -0.375247
3.540000 -0.372435
3.560000 -0.369486
3.580000 -0.366402
3.600000 -0.363188
3.620000 -0.359845
3.640000 -0.356377
3.660000 -0.352786
3.680000 -0.349077
3.700000 -0.345251
3.720000 -0.341312
3.740000 -0.337262
3.760000 -0.333106
3.780000 -0.328846
3.800000 -0.324485
3.820000 -0.320027
3.840000 -0.315474
3.860000 -0.310831
3.880000 -0.306099
3.900000 -0.301282
3.920000 -0.296384
3.940000 -0.291407
3.960000 -0.286356
3.980000 -0.281232
4.000000 -0.276040
4.020000 -0.270783
4.040000 -0.265463
4.060000 -0.260085
4.080000 -0.254651
4.100000 -0.249164
4.120000 -0.243628
4.140000 -0.238046
4.160000 -0.232422
4.180000 -0.226757
4.200000 -0.221057
4.220000 -0.215323
4.240000 -0.209559
4.260000 -0.203767
4.280000 -0.197953
4.300000 -0.192117
4.320000 -0.186264
4.340000 -0.180396
4.360000 -0.174516
4.380000 -0.168628
4.400000 -0.162735
4.420000 -0.156839
4.440000 -0.150943
4.460000 -0.145051
4.480000 -0.139165
4.500000 -0.133288
4.520000 -0.127423
4.540000 -0.121572
4.560000 -0.115739
4.580000 -0.109926
4.600000 -0.104136
4.620000 -0.098372
4.640000 -0.092635
4.660000 -0.086930
4.680000 -0.081257
4.700000 -0.075621
4.720000 -0.070022
4.740000 -0.064465
4.760000 -0.058950
4.780000 -0.053481
4.800000 -0.048059
4.820000 -0.042688
4.840000 -0.037368
4.860000 -0.032103
4.880000 -0.026894
4.900000 -0.021744
4.920000 -0.016655
4.940000 -0.011628
4.960000 -0.006665
4.980000 -0.001769
5.000000 0.003059
5.020000 0.007817
5.040000 0.012503
5.060000 0.017116
5.080000 0.021654
5.100000 0.026115
5.120000 0.030498
5.140000 0.034802
5.160000 0.039024
5.180000 0.043164
5.200000 0.047220
5.220000 0.051192
5.240000 0.055077
5.260000 0.058874
5.280000 0.062583
5.300000 0.066202
5.320000 0.069731
5.340000 0.073168
5.360000 0.076513
5.380000 0.079764
5.400000 0.082921
5.420000 0.085984
5.440000 0.088951
5.460000 0.091821
5.480000 0.094595
5.500000 0.097271
5.520000 0.099850
5.540000 0.102331
5.560000 0.104712
5.580000 0.106995
5.600000 0.109179
5.620000 0.111264
5.640000 0.113248
5.660000 0.115133
5.680000 0.116919
5.700000 0.118604
5.720000 0.120190
5.740000 0.121676
5.760000 0.123063
5.780000 0.124350
5.800000 0.125538
5.820000 0.126627
5.840000 0.127618
5.860000 0.128510
5.880000 0.129305
5.900000 0.130002
5.920000 0.130603
5.940000 0.131107
5.960000 0.131516
5.980000 0.131829
6.000000 0.132049
6.020000 0.132175
6.040000 0.132207
6.060000 0.132148
6.080000 0.131998
6.100000 0.131757
6.120000 0.131427
6.140000 0.131009
6.160000 0.130503
6.180000 0.129911
6.200000 0.129233
6.220000 0.128471
6.240000 0.127626
6.260000 0.126699
6.280000 0.125692
6.300000 0.124605
6.320000 0.123440
6.340000 0.122198
6.360000 0.120880
6.380000 0.119488
6.400000 0.118024
6.420000 0.116488
6.440000 0.114882
6.460000 0.113207
6.480000 0.111466
6.500000 0.109659
6.520000 0.107789
6.540000 0.105855
6.560000 0.103861
6.580000 0.101808
6.600000 0.099698
6.620000 0.097531
6.640000 0.095310
6.660000 0.093037
6.680000 0.090712
6.700000 0.088339
6.720000 0.085918
6.740000 0.083451
6.760000 0.080940
6.780000 0.078387
6.800000 0.075794
6.820000 0.073161
6.840000 0.070492
6.860000 0.067788
6.880000 0.065050
6.900000 0.062281
6.920000 0.059483
6.940000 0.056656
6.960000 0.053803
6.980000 0.050926
7.000000 0.048027
7.020000 0.045107
7.040000 0.042168
7.060000 0.039212
7.080000 0.036241
7.100000 0.033257
7.120000 0.030261
7.140000 0.027256
7.160000 0.024243
7.180000 0.021223
7.200000 0.018200
7.220000 0.015173
7.240000 0.012147
7.260000 0.009121
7.280000 0.006098
7.300000 0.003079
7.320000 0.000067
7.340000 -0.002937
7.360000 -0.005931
7.380000 -0.008914
7.400000 -0.011884
7.420000 -0.014839
7.440000 -0.017778
7.460000 -0.020698
7.480000 -0.023599
7.500000 -0.026479
7.520000 -0.029336
7.540000 -0.032168
7.560000 -0.034974
7.580000 -0.037753
7.600000 -0.040502
7.620000 -0.043222
7.640000 -0.045909
7.660000 -0.048563
7.680000 -0.051182
7.700000 -0.053764
7.720000 -0.056309
7.740000 -0.058816
7.760000 -0.061282
7.780000 -0.063706
7.800000 -0.066088
7.820000 -0.068425
7.840000 -0.070718
7.860000 -0.072964
7.880000 -0.075162
7.900000 -0.077311
7.920000 -0.079411
7.940000 -0.081460
7.960000 -0.083457
7.980000 -0.085401
8.000000 -0.087291
8.020000 -0.089126
8.040000 -0.090905
8.060000 -0.092627
8.080000 -0.094292
8.100000 -0.095899
8.120000 -0.097446
8.140000 -0.098934
8.160000 -0.100360
8.180000 -0.101726
8.200000 -0.103029
8.220000 -0.104270
8.240000 -0.105447
8.260000 -0.106561
8.280000 -0.107610
8.300000 -0.108594
8.320000 -0.109513
8.340000 -0.110366
8.360000 -0.111153
8.380000 -0.111873
8.400000 -0.112527
8.420000 -0.113113
8.440000 -0.113632
8.460000 -0.114083
8.480000 -0.114466
8.500000 -0.114781
8.520000 -0.115028
8.540000 -0.115206
8.560000 -0.115316
8.580000 -0.115358
8.600000 -0.115332
8.620000 -0.115237
8.640000 -0.115073
8.660000 -0.114842
8.680000 -0.114542
8.700000 -0.114175
8.720000 -0.113739
8.740000 -0.113236
8.760000 -0.112666
8.780000 -0.112029
8.800000 -0.111326
8.820000 -0.110556
8.840000 -0.109720
8.860000 -0.108818
8.880000 -0.107852
8.900000 -0.106821
8.920000 -0.105726
8.940000 -0.104567
8.960000 -0.103345
8.980000 -0.102061
9.000000 -0.100715
9.020000 -0.099308
9.040000 -0.097841
9.060000 -0.096313
9.080000 -0.094727
9.100000 -0.093082
9.120000 -0.091380
9.140000 -0.089621
9.160000 -0.087806
9.180000 -0.085936
9.200000 -0.084011
9.220000 -0.082034
9.240000 -0.080004
9.260000 -0.077922
9.280000 -0.075791
9.300000 -0.073609
9.320000 -0.071379
9.340000 -0.069102
9.360000 -0.066778
9.380000 -0.064409
9.400000 -0.061996
9.420000 -0.059540
9.440000 -0.057041
9.460000 -0.054502
9.480000 -0.051923
9.500000 -0.049305
9.520000 -0.046651
9.540000 -0.043959
9.560000 -0.041233
9.580000 -0.038474
9.600000 -0.035682
9.620000 -0.032858
9.640000 -0.030005
9.660000 -0.027123
9.680000 -0.024214
9.700000 -0.021279
9.720000 -0.018319
9.740000 -0.015336
9.760000 -0.012330
9.780000 -0.009304
9.800000 -0.006259
9.820000 -0.003195
9.840000 -0.000115
9.860000 0.002980
9.880000 0.006089
9.900000 0.009211
9.920000 0.012344
9.940000 0.015487
9.960000 0.018637
9.980000 0.021795
10.000000 0.024959
10.020000 0.028126
10.040000 0.031296
10.060000 0.034468
10.080000 0.037640
10.100000 0.040810
10.120000 0.043977
10.140000 0.047140
10.160000 0.050298
10.180000 0.053448
10.200000 0.056591
10.220000 0.059723
10.240000 0.062844
10.260000 0.065953
10.280000 0.069048
10.300000 0.072128
10.320000 0.075191
10.340000 0.078236
10.360000 0.081262
10.380000 0.084268
10.400000 0.087252
10.420000 0.090212
10.440000 0.093148
10.460000 0.096059
10.480000 0.098942
10.500000 0.101798
10.520000 0.104623
10.540000 0.107418
10.560000 0.110182
10.580000 0.112912
10.600000 0.115607
10.620000 0.118267
10.640000 0.120891
10.660000 0.123477
10.680000 0.126024
10.700000 0.128530
10.720000 0.130996
10.740000 0.133419
10.760000 0.135800
10.780000 0.138136
10.800000 0.140426
10.820000 0.142671
10.840000 0.144868
10.860000 0.147016
10.880000 0.149116
10.900000 0.151165
10.920000 0.153164
10.940000 0.155110
10.960000 0.157004
10.980000 0.158844
11.000000 0.160630
11.020000 0.162360
11.040000 0.164035
11.060000 0.165653
11.080000 0.167213
11.100000 0.168715
11.120000 0.170158
11.140000 0.171542
11.160000 0.172865
11.180000 0.174128
11.200000 0.175330
11.220000 0.176469
11.240000 0.177547
11.260000 0.178561
11.280000 0.179512
11.300000 0.180398
11.320000 0.181221
11.340000 0.181979
11.360000 0.182672
11.380000 0.183299
11.400000 0.183860
11.420000 0.184356
11.440000 0.184785
11.460000 0.185147
11.480000 0.185443
11.500000 0.185671
11.520000 0.185832
11.540000 0.185926
11.560000 0.185952
11.580000 0.185910
11.600000 0.185801
11.620000 0.185624
11.640000 0.185379
11.660000 0.185066
11.680000 0.184686
11.700000 0.184238
11.720000 0.183722
11.740000 0.183139
11.760000 0.182489
11.780000 0.181771
11.800000 0.180986
11.820000 0.180134
11.840000 0.179216
11.860000 0.178231
11.880000 0.177181
11.900000 0.176064
11.920000 0.174883
11.940000 0.173636
11.960000 0.172324
11.980000 0.170948
12.000000 0.169509
12.020000 0.168006
12.040000 0.166440
12.060000 0.164812
12.080000 0.163121
12.100000 0.161370
12.120000 0.159558
12.140000 0.157685
12.160000 0.155753
12.180000 0.153762
12.200000 0.151713
12.220000 0.149606
12.240000 0.147442
12.260000 0.145222
12.280000 0.142947
12.300000 0.140617
12.320000 0.138233
12.340000 0.135796
12.360000 0.133307
12.380000 0.130766
12.400000 0.128175
12.420000 0.125534
12.440000 0.122844
12.460000 0.120106
12.480000 0.117322
12.500000 0.114491
12.520000 0.111615
12.540000 0.108695
12.560000 0.105732
12.580000 0.102727
12.600000 0.099680
12.620000 0.096594
12.640000 0.093469
12.660000 0.090305
12.680000 0.087105
12.700000 0.083869
12.720000 0.080599
12.740000 0.077294
12.760000 0.073958
12.780000 0.070590
12.800000 0.067192
12.820000 0.063764
12.840000 0.060309
12.860000 0.056828
12.880000 0.053321
12.900000 0.049789
12.920000 0.046235
12.940000 0.042658
12.960000 0.039061
12.980000 0.035445
13.000000 0.031810
13.020000 0.028158
13.040000 0.024491
13.060000 0.020809
13.080000 0.017114
13.100000 0.013406
13.120000 0.009689
13.140000 0.005961
13.160000 0.002226
13.180000 -0.001517
13.200000 -0.005265
13.220000 -0.009018
13.240000 -0.012773
13.260000 -0.016531
13.280000 -0.020289
13.300000 -0.024047
13.320000 -0.027802
13.340000 -0.031555
13.360000 -0.035302
13.380000 -0.039045
13.400000 -0.042780
13.420000 -0.046507
13.440000 -0.050224
13.460000 -0.053930
13.480000 -0.057625
13.500000 -0.061306
13.520000 -0.064973
13.540000 -0.068624
13.560000 -0.072258
13.580000 -0.075874
13.600000 -0.079470
13.620000 -0.083046
13.640000 -0.086600
13.660000 -0.090132
13.680000 -0.093639
13.700000 -0.097120
13.720000 -0.100575
13.740000 -0.104003
13.760000 -0.107402
13.780000 -0.110770
13.800000 -0.114108
13.820000 -0.117414
13.840000 -0.120686
13.860000 -0.123924
13.880000 -0.127127
13.900000 -0.130293
13.920000 -0.133421
13.940000 -0.136511
13.960000 -0.139561
13.980000 -0.142571
14.000000 -0.145539
14.020000 -0.148465
14.040000 -0.151347
14.060000 -0.154184
14.080000 -0.156976
14.100000 -0.159722
14.120000 -0.162420
14.140000 -0.165070
14.160000 -0.167672
14.180000 -0.170223
14.200000 -0.172724
14.220000 -0.175173
14.240000 -0.177569
14.260000 -0.179913
14.280000 -0.182203
14.300000 -0.184438
14.320000 -0.186617
14.340000 -0.188741
14.360000 -0.190808
14.380000 -0.192817
14.400000 -0.194768
14.420000 -0.196661
14.440000 -0.198494
14.460000 -0.200267
14.480000 -0.201980
14.500000 -0.203631
14.520000 -0.205221
14.540000 -0.206749
14.560000 -0.208214
14.580000 -0.209616
14.600000 -0.210954
14.620000 -0.212229
14.640000 -0.213439
14.660000 -0.214584
14.680000 -0.215664
14.700000 -0.216679
14.720000 -0.217628
14.740000 -0.218510
14.760000 -0.219326
14.780000 -0.220076
14.800000 -0.220759
14.820000 -0.221374
14.840000 -0.221922
14.860000 -0.222403
14.880000 -0.222816
14.900000 -0.223161
14.920000 -0.223438
14.940000 -0.223647
14.960000 -0.223788
14.980000 -0.223861
15.000000 -0.223866
15.020000 -0.223803
15.040000 -0.223672
15.060000 -0.223472
15.080000 -0.223205
15.100000 -0.222870
15.120000 -0.222467
15.140000 -0.221996
15.160000 -0.221458
15.180000 -0.220852
15.200000 -0.220180
15.220000 -0.219440
15.240000 -0.218634
15.260000 -0.217761
15.280000 -0.216822
15.300000 -0.215817
15.320000 -0.214747
15.340000 -0.213611
15.360000 -0.212411
15.380000 -0.211146
15.400000 -0.209817
15.420000 -0.208425
15.440000 -0.206969
15.460000 -0.205450
15.480000 -0.203869
15.500000 -0.202227
15.520000 -0.200523
15.540000 -0.198758
15.560000 -0.196933
15.580000 -0.195049
15.600000 -0.193106
15.620000 -0.191104
15.640000 -0.189044
15.660000 -0.186927
15.680000 -0.184754
15.700000 -0.182525
15.720000 -0.180241
15.740000 -0.177902
15.760000 -0.175510
15.780000 -0.173064
15.800000 -0.170567
15.820000 -0.168018
15.840000 -0.165419
15.860000 -0.162769
15.880000 -0.160071
15.900000 -0.157325
15.920000 -0.154531
15.940000 -0.151690
15.960000 -0.148804
15.980000 -0.145874
16.000000 -0.142899
16.020000 -0.139882
16.040000 -0.136823
16.060000 -0.133722
16.080000 -0.130582
16.100000 -0.127402
16.120000 -0.124185
16.140000 -0.120930
16.160000 -0.117638
16.180000 -0.114312
16.200000 -0.110952
16.220000 -0.107558
16.240000 -0.104132
16.260000 -0.100675
16.280000 -0.097188
16.300000 -0.093672
16.320000 -0.090128
16.340000 -0.086558
16.360000 -0.082961
16.380000 -0.079340
16.400000 -0.075695
16.420000 -0.072028
16.440000 -0.068339
16.460000 -0.064630
16.480000 -0.060902
16.500000 -0.057155
16.520000 -0.053392
16.540000 -0.049613
16.560000 -0.045819
16.580000 -0.042012
16.600000 -0.038192
16.620000 -0.034361
16.640000 -0.030520
16.660000 -0.026669
16.680000 -0.022811
16.700000 -0.018947
16.720000 -0.015076
16.740000 -0.011201
16.760000 -0.007323
16.780000 -0.003443
16.800000 0.000438
16.820000 0.004319
16.840000 0.008199
16.860000 0.012077
16.880000 0.015950
16.900000 0.019819
16.920000 0.023683
16.940000 0.027539
16.960000 0.031387
16.980000 0.035226
17.000000 0.039055
17.020000 0.042872
17.040000 0.046676
17.060000 0.050467
17.080000 0.054243
17.100000 0.058003
17.120000 0.061746
17.140000 0.065472
17.160000 0.069178
17.180000 0.072863
17.200000 0.076528
17.220000 0.080170
17.240000 0.083789
17.260000 0.087383
17.280000 0.090952
17.300000 0.094495
17.320000 0.098010
17.340000 0.101496
17.360000 0.104953
17.380000 0.108379
17.400000 0.111775
17.420000 0.115137
17.440000 0.118466
17.460000 0.121761
17.480000 0.125021
17.500000 0.128245
17.520000 0.131431
17.540000 0.134579
17.560000 0.137689
17.580000 0.140759
17.600000 0.143788
17.620000 0.146776
17.640000 0.149721
17.660000 0.152624
17.680000 0.155482
17.700000 0.158296
17.720000 0.161064
17.740000 0.163786
17.760000 0.166461
17.780000 0.169089
17.800000 0.171667
17.820000 0.174197
17.840000 0.176677
17.860000 0.179106
17.880000 0.181484
17.900000 0.183810
17.920000 0.186083
17.940000 0.188304
17.960000 0.190470
17.980000 0.192583
18.000000 0.194640
18.020000 0.196643
18.040000 0.198589
18.060000 0.200478
18.080000 0.202311
18.100000 0.204087
18.120000 0.205804
18.140000 0.207463
18.160000 0.209063
18.180000 0.210604
18.200000 0.212085
18.220000 0.213507
18.240000 0.214868
18.260000 0.216168
18.280000 0.217407
18.300000 0.218585
18.320000 0.219702
18.340000 0.220756
18.360000 0.221748
18.380000 0.222678
18.400000 0.223545
18.420000 0.224350
18.440000 0.225091
18.460000 0.225769
18.480000 0.226384
18.500000 0.226936
18.520000 0.227424
18.540000 0.227848
18.560000 0.228209
18.580000 0.228506
18.600000 0.228739
18.620000 0.228908
18.640000 0.229013
18.660000 0.229055
18.680000 0.229033
18.700000 0.228947
18.720000 0.228798
18.740000 0.228584
18.760000 0.228308
18.780000 0.227968
18.800000 0.227565
18.820000 0.227099
18.840000 0.226570
18.860000 0.225978
18.880000 0.225324
18.900000 0.224608
18.920000 0.223830
18.940000 0.222990
18.960000 0.222088
18.980000 0.221126
19.000000 0.220103
19.020000 0.219019
19.040000 0.217875
19.060000 0.216671
19.080000 0.215408
19.100000 0.214086
19.120000 0.212706
19.140000 0.211267
19.160000 0.209771
19.180000 0.208217
19.200000 0.206607
19.220000 0.204940
19.240000 0.203217
19.260000 0.201440
19.280000 0.199607
19.300000 0.197721
19.320000 0.195780
19.340000 0.193787
19.360000 0.191742
19.380000 0.189644
19.400000 0.187495
19.420000 0.185296
19.440000 0.183047
19.460000 0.180749
19.480000 0.178402
19.500000 0.176007
19.520000 0.173565
19.540000 0.171077
19.560000 0.168542
19.580000 0.165963
19.600000 0.163339
19.620000 0.160672
19.640000 0.157962
19.660000 0.155211
19.680000 0.152418
19.700000 0.149584
19.720000 0.146711
19.740000 0.143800
19.760000 0.140850
19.780000 0.137863
19.800000 0.134840
19.820000 0.131782
19.840000 0.128689
19.860000 0.125563
19.880000 0.122404
19.900000 0.119213
19.920000 0.115991
19.940000 0.112739
19.960000 0.109458
19.980000 0.106148
20.000000 0.102812
20.020000 0.099449
20.040000 0.096060
20.060000 0.092648
20.080000 0.089211
20.100000 0.085752
20.120000 0.082272
20.140000 0.078771
20.160000 0.075250
20.180000 0.071710
20.200000 0.068153
20.220000 0.064579
20.240000 0.060990
20.260000 0.057385
20.280000 0.053767
20.300000 0.050136
20.320000 0.046494
20.340000 0.042840
20.360000 0.039177
20.380000 0.035506
20.400000 0.031826
20.420000 0.028140
20.440000 0.024448
20.460000 0.020751
20.480000 0.017050
20.500000 0.013347
20.520000 0.009642
20.540000 0.005936
20.560000 0.002231
20.580000 -0.001473
20.600000 -0.005175
20.620000 -0.008873
20.640000 -0.012568
20.660000 -0.016257
20.680000 -0.019939
20.700000 -0.023614
20.720000 -0.027282
20.740000 -0.030939
20.760000 -0.034587
20.780000 -0.038223
20.800000 -0.041848
20.820000 -0.045459
20.840000 -0.049056
20.860000 -0.052638
20.880000 -0.056204
20.900000 -0.059753
20.920000 -0.063284
20.940000 -0.066796
20.960000 -0.070288
20.980000 -0.073760
21.000000 -0.077210
21.020000 -0.080638
21.040000 -0.084042
21.060000 -0.087422
21.080000 -0.090777
21.100000 -0.094106
21.120000 -0.097408
21.140000 -0.100681
21.160000 -0.103927
21.180000 -0.107142
21.200000 -0.110328
21.220000 -0.113482
21.240000 -0.116604
21.260000 -0.119694
21.280000 -0.122749
21.300000 -0.125771
21.320000 -0.128757
21.340000 -0.131707
21.360000 -0.134621
21.380000 -0.137497
21.400000 -0.140334
21.420000 -0.143133
21.440000 -0.145893
21.460000 -0.148611
21.480000 -0.151289
21.500000 -0.153925
21.520000 -0.156519
21.540000 -0.159070
21.560000 -0.161577
21.580000 -0.164039
21.600000 -0.166457
21.620000 -0.168829
21.640000 -0.171155
21.660000 -0.173434
21.680000 -0.175666
21.700000 -0.177850
21.720000 -0.179986
21.740000 -0.182072
21.760000 -0.184110
21.780000 -0.186097
21.800000 -0.188034
21.820000 -0.189919
21.840000 -0.191754
21.860000 -0.193537
21.880000 -0.195267
21.900000 -0.196945
21.920000 -0.198569
21.940000 -0.200140
21.960000 -0.201658
21.980000 -0.203121
22.000000 -0.204529
22.020000 -0.205883
22.040000 -0.207181
22.060000 -0.208424
22.080000 -0.209611
22.100000 -0.210742
22.120000 -0.211817
22.140000 -0.212835
22.160000 -0.213796
22.180000 -0.214700
22.200000 -0.215547
22.220000 -0.216337
22.240000 -0.217069
22.260000 -0.217744
22.280000 -0.218360
22.300000 -0.218919
22.320000 -0.219420
22.340000 -0.219862
22.360000 -0.220246
22.380000 -0.220572
22.400000 -0.220840
22.420000 -0.221049
22.440000 -0.221200
22.460000 -0.221293
22.480000 -0.221327
22.500000 -0.221303
22.520000 -0.221221
22.540000 -0.221081
22.560000 -0.220882
22.580000 -0.220626
22.600000 -0.220311
22.620000 -0.219939
22.640000 -0.219509
22.660000 -0.219022
22.680000 -0.218477
22.700000 -0.217875
22.720000 -0.217217
22.740000 -0.216501
22.760000 -0.215729
22.780000 -0.214901
22.800000 -0.214017
22.820000 -0.213077
22.840000 -0.212082
22.860000 -0.211031
22.880000 -0.209926
22.900000 -0.208766
22.920000 -0.207553
22.940000 -0.206285
22.960000 -0.204964
22.980000 -0.203590
23.000000 -0.202163
23.020000 -0.200684
23.040000 -0.199153
23.060000 -0.197571
23.080000 -0.195938
23.100000 -0.194254
23.120000 -0.192521
23.140000 -0.190738
23.160000 -0.188906
23.180000 -0.187025
23.200000 -0.185097
23.220000 -0.183121
23.240000 -0.181098
23.260000 -0.179029
23.280000 -0.176914
23.300000 -0.174754
23.320000 -0.172550
23.340000 -0.170301
23.360000 -0.168009
23.380000 -0.165675
23.400000 -0.163298
23.420000 -0.160880
23.440000 -0.158421
23.460000 -0.155922
23.480000 -0.153383
23.500000 -0.150806
23.520000 -0.148191
23.540000 -0.145538
23.560000 -0.142849
23.580000 -0.140124
23.600000 -0.137363
23.620000 -0.134568
23.640000 -0.131740
23.660000 -0.128878
23.680000 -0.125985
23.700000 -0.123060
23.720000 -0.120104
23.740000 -0.117119
23.760000 -0.114104
23.780000 -0.111061
23.800000 -0.107991
23.820000 -0.104894
23.840000 -0.101772
23.860000 -0.098624
23.880000 -0.095452
23.900000 -0.092257
23.920000 -0.089040
23.940000 -0.085800
23.960000 -0.082541
23.980000 -0.079261
24.000000 -0.075962
24.020000 -0.072645
24.040000 -0.069310
24.060000 -0.065960
24.080000 -0.062593
24.100000 -0.059212
24.120000 -0.055817
24.140000 -0.052410
24.160000 -0.048990
24.180000 -0.045559
24.200000 -0.042118
24.220000 -0.038667
24.240000 -0.035209
24.260000 -0.031742
24.280000 -0.028269
24.300000 -0.024790
24.320000 -0.021306
24.340000 -0.017819
24.360000 -0.014328
24.380000 -0.010835
24.400000 -0.007341
24.420000 -0.003847
24.440000 -0.000353
24.460000 0.003139
24.480000 0.006629
24.500000 0.010116
24.520000 0.013599
24.540000 0.017076
24.560000 0.020548
24.580000 0.024012
24.600000 0.027469
24.620000 0.030918
24.640000 0.034357
24.660000 0.037785
24.680000 0.041202
24.700000 0.044607
24.720000 0.047999
24.740000 0.051378
24.760000 0.054741
24.780000 0.058089
24.800000 0.061420
24.820000 0.064735
24.840000 0.068031
24.860000 0.071308
24.880000 0.074565
24.900000 0.077802
24.920000 0.081017
24.940000 0.084210
24.960000 0.087380
24.980000 0.090526
25.000000 0.093647
25.020000 0.096743
25.040000 0.099813
25.060000 0.102856
25.080000 0.105870
25.100000 0.108857
25.120000 0.111814
25.140000 0.114741
25.160000 0.117637
25.180000 0.120502
25.200000 0.123335
25.220000 0.126134
25.240000 0.128900
25.260000 0.131632
25.280000 0.134329
25.300000 0.136990
25.320000 0.139615
25.340000 0.142202
25.360000 0.144753
25.380000 0.147264
25.400000 0.149737
25.420000 0.152171
25.440000 0.154564
25.460000 0.156917
25.480000 0.159228
25.500000 0.161498
25.520000 0.163725
25.540000 0.165909
25.560000 0.168050
25.580000 0.170146
25.600000 0.172198
25.620000 0.174205
25.640000 0.176167
25.660000 0.178082
25.680000 0.179951
25.700000 0.181773
25.720000 0.183548
25.740000 0.185275
25.760000 0.186953
25.780000 0.188583
25.800000 0.190164
25.820000 0.191695
25.840000 0.193177
25.860000 0.194608
25.880000 0.195989
25.900000 0.197320
25.920000 0.198599
25.940000 0.199826
25.960000 0.201002
25.980000 0.202126
26.000000 0.203198
26.020000 0.204217
26.040000 0.205183
26.060000 0.206096
26.080000 0.206957
26.100000 0.207763
26.120000 0.208517
26.140000 0.209216
26.160000 0.209862
26.180000 0.210453
26.200000 0.210990
26.220000 0.211473
26.240000 0.211902
26.260000 0.212276
26.280000 0.212596
26.300000 0.212861
26.320000 0.213072
26.340000 0.213227
26.360000 0.213329
26.380000 0.213375
26.400000 0.213367
26.420000 0.213304
26.440000 0.213186
26.460000 0.213014
26.480000 0.212787
26.500000 0.212506
26.520000 0.212171
26.540000 0.211781
26.560000 0.211338
26.580000 0.210840
26.600000 0.210289
26.620000 0.209684
26.640000 0.209025
26.660000 0.208313
26.680000 0.207548
26.700000 0.206730
26.720000 0.205860
26.740000 0.204937
26.760000 0.203962
26.780000 0.202935
26.800000 0.201856
26.820000 0.200727
26.840000 0.199546
26.860000 0.198314
26.880000 0.197032
26.900000 0.195701
26.920000 0.194319
26.940000 0.192888
26.960000 0.191409
26.980000 0.189880
27.000000 0.188304
27.020000 0.186680
27.040000 0.185009
27.060000 0.183291
27.080000 0.181527
27.100000 0.179717
27.120000 0.177861
27.140000 0.175960
27.160000 0.174015
27.180000 0.172027
27.200000 0.169994
27.220000 0.167919
27.240000 0.165802
27.260000 0.163643
27.280000 0.161442
27.300000 0.159201
27.320000 0.156920
27.340000 0.154600
27.360000 0.152240
27.380000 0.149843
27.400000 0.147408
27.420000 0.144935
27.440000 0.142427
27.460000 0.139883
27.480000 0.137303
27.500000 0.134690
27.520000 0.132043
27.540000 0.129362
27.560000 0.126650
27.580000 0.123905
27.600000 0.121130
27.620000 0.118325
27.640000 0.115490
27.660000 0.112627
27.680000 0.109735
27.700000 0.106816
27.720000 0.103871
27.740000 0.100900
27.760000 0.097904
27.780000 0.094883
27.800000 0.091839
27.820000 0.088773
27.840000 0.085685
27.860000 0.082575
27.880000 0.079445
27.900000 0.076296
27.920000 0.073128
27.940000 0.069942
27.960000 0.066739
27.980000 0.063520
28.000000 0.060286
28.020000 0.057036
28.040000 0.053773
28.060000 0.050497
28.080000 0.047209
28.100000 0.043910
28.120000 0.040600
28.140000 0.037281
28.160000 0.033953
28.180000 0.030617
28.200000 0.027274
28.220000 0.023925
28.240000 0.020570
28.260000 0.017211
28.280000 0.013848
28.300000 0.010483
28.320000 0.007115
28.340000 0.003747
28.360000 0.000378
28.380000 -0.002990
28.400000 -0.006357
28.420000 -0.009721
28.440000 -0.013082
28.460000 -0.016439
28.480000 -0.019791
28.500000 -0.023138
28.520000 -0.026477
28.540000 -0.029810
28.560000 -0.033134
28.580000 -0.036449
28.600000 -0.039754
28.620000 -0.043048
28.640000 -0.046330
28.660000 -0.049600
28.680000 -0.052857
28.700000 -0.056100
28.720000 -0.059328
28.740000 -0.062540
28.760000 -0.065735
28.780000 -0.068913
28.800000 -0.072073
28.820000 -0.075214
28.840000 -0.078335
28.860000 -0.081436
28.880000 -0.084515
28.900000 -0.087572
28.920000 -0.090606
28.940000 -0.093617
28.960000 -0.096603
28.980000 -0.099564
29.000000 -0.102500
29.020000 -0.105408
29.040000 -0.108289
29.060000 -0.111142
29.080000 -0.113967
29.100000 -0.116761
29.120000 -0.119526
29.140000 -0.122260
29.160000 -0.124962
29.180000 -0.127631
29.200000 -0.130268
29.220000 -0.132871
29.240000 -0.135440
29.260000 -0.137974
29.280000 -0.140472
29.300000 -0.142934
29.320000 -0.145360
29.340000 -0.147748
29.360000 -0.150098
29.380000 -0.152409
29.400000 -0.154681
29.420000 -0.156914
29.440000 -0.159106
29.460000 -0.161257
29.480000 -0.163367
29.500000 -0.165435
29.520000 -0.167461
29.540000 -0.169443
29.560000 -0.171382
29.580000 -0.173278
29.600000 -0.175129
29.620000 -0.176934
29.640000 -0.178695
29.660000 -0.180410
29.680000 -0.182079
29.700000 -0.183701
29.720000 -0.185276
29.740000 -0.186804
29.760000 -0.188284
29.780000 -0.189716
29.800000 -0.191099
29.820000 -0.192434
29.840000 -0.193719
29.860000 -0.194955
29.880000 -0.196141
29.900000 -0.197277
29.920000 -0.198363
29.940000 -0.199398
29.960000 -0.200382
29.980000 -0.201315
30.000000 -0.202197
30.020000 -0.203027
30.040000 -0.203805
30.060000 -0.204532
30.080000 -0.205206
30.100000 -0.205828
30.120000 -0.206397
30.140000 -0.206914
30.160000 -0.207378
30.180000 -0.207790
30.200000 -0.208148
30.220000 -0.208453
30.240000 -0.208706
30.260000 -0.208905
30.280000 -0.209051
30.300000 -0.209144
30.320000 -0.209183
30.340000 -0.209170
30.360000 -0.209103
30.380000 -0.208983
30.400000 -0.208809
30.420000 -0.208583
30.440000 -0.208303
30.460000 -0.207971
30.480000 -0.207586
30.500000 -0.207148
30.520000 -0.206657
30.540000 -0.206114
30.560000 -0.205518
30.580000 -0.204870
30.600000 -0.204171
30.620000 -0.203419
30.640000 -0.202615
30.660000 -0.201761
30.680000 -0.200854
30.700000 -0.199897
30.720000 -0.198889
30.740000 -0.197831
30.760000 -0.196722
30.780000 -0.195564
30.800000 -0.194356
30.820000 -0.193098
30.840000 -0.191792
30.860000 -0.190436
30.880000 -0.189033
30.900000 -0.187581
30.920000 -0.186082
30.940000 -0.184536
30.960000 -0.182943
30.980000 -0.181304
31.000000 -0.179618
31.020000 -0.177887
31.040000 -0.176111
31.060000 -0.174291
31.080000 -0.172426
31.100000 -0.170517
31.120000 -0.168565
31.140000 -0.166571
31.160000 -0.164534
31.180000 -0.162456
31.200000 -0.160336
31.220000 -0.158176
31.240000 -0.155976
31.260000 -0.153736
31.280000 -0.151458
31.300000 -0.149141
31.320000 -0.146786
31.340000 -0.144394
31.360000 -0.141966
31.380000 -0.139501
31.400000 -0.137002
31.420000 -0.134467
31.440000 -0.131899
31.460000 -0.129297
31.480000 -0.126663
31.500000 -0.123997
31.520000 -0.121299
31.540000 -0.118571
31.560000 -0.115812
31.580000 -0.113025
31.600000 -0.110209
31.620000 -0.107365
31.640000 -0.104494
31.660000 -0.101596
31.680000 -0.098673
31.700000 -0.095725
31.720000 -0.092753
31.740000 -0.089757
31.760000 -0.086739
31.780000 -0.083699
31.800000 -0.080638
31.820000 -0.077557
31.840000 -0.074456
31.860000 -0.071336
31.880000 -0.068198
31.900000 -0.065044
31.920000 -0.061873
31.940000 -0.058686
31.960000 -0.055485
31.980000 -0.052269
32.000000 -0.049041
32.020000 -0.045800
32.040000 -0.042548
32.060000 -0.039285
32.080000 -0.036013
32.100000 -0.032731
32.120000 -0.029441
32.140000 -0.026145
32.160000 -0.022841
32.180000 -0.019532
32.200000 -0.016218
32.220000 -0.012900
32.240000 -0.009580
32.260000 -0.006257
32.280000 -0.002932
32.300000 0.000393
32.320000 0.003718
32.340000 0.007042
32.360000 0.010363
32.380000 0.013682
32.400000 0.016997
32.420000 0.020308
32.440000 0.023613
32.460000 0.026913
32.480000 0.030205
32.500000 0.033489
32.520000 0.036765
32.540000 0.040031
32.560000 0.043287
32.580000 0.046531
32.600000 0.049764
32.620000 0.052984
32.640000 0.056190
32.660000 0.059381
32.680000 0.062558
32.700000 0.065718
32.720000 0.068862
32.740000 0.071987
32.760000 0.075095
32.780000 0.078183
32.800000 0.081251
32.820000 0.084298
32.840000 0.087324
32.860000 0.090327
32.880000 0.093307
32.900000 0.096263
32.920000 0.099195
32.940000 0.102101
32.960000 0.104981
32.980000 0.107835
33.000000 0.110660
33.020000 0.113458
33.040000 0.116226
33.060000 0.118965
33.080000 0.121674
33.100000 0.124351
33.120000 0.126996
33.140000 0.129609
33.160000 0.132189
33.180000 0.134736
33.200000 0.137247
33.220000 0.139724
33.240000 0.142165
33.260000 0.144570
33.280000 0.146938
33.300000 0.149269
33.320000 0.151561
33.340000 0.153815
33.360000 0.156029
33.380000 0.158204
33.400000 0.160338
33.420000 0.162431
33.440000 0.164483
33.460000 0.166493
33.480000 0.168461
33.500000 0.170385
33.520000 0.172266
33.540000 0.174103
33.560000 0.175896
33.580000 0.177644
33.600000 0.179347
33.620000 0.181003
33.640000 0.182614
33.660000 0.184178
33.680000 0.185696
33.700000 0.187165
33.720000 0.188587
33.740000 0.189962
33.760000 0.191287
33.780000 0.192564
33.800000 0.193792
33.820000 0.194970
33.840000 0.196099
33.860000 0.197177
33.880000 0.198206
33.900000 0.199184
33.920000 0.200111
33.940000 0.200987
33.960000 0.201812
33.980000 0.202585
34.000000 0.203307
34.020000 0.203977
34.040000 0.204595
34.060000 0.205161
34.080000 0.205674
34.100000 0.206135
34.120000 0.206544
34.140000 0.206900
34.160000 0.207203
34.180000 0.207453
34.200000 0.207651
34.220000 0.207795
34.240000 0.207887
34.260000 0.207926
34.280000 0.207911
34.300000 0.207844
34.320000 0.207724
34.340000 0.207550
34.360000 0.207324
34.380000 0.207045
34.400000 0.206713
34.420000 0.206329
34.440000 0.205892
34.460000 0.205402
34.480000 0.204860
34.500000 0.204266
34.520000 0.203620
34.540000 0.202922
34.560000 0.202172
34.580000 0.201371
34.600000 0.200518
34.620000 0.199614
34.640000 0.198660
34.660000 0.197654
34.680000 0.196599
34.700000 0.195493
34.720000 0.194337
34.740000 0.193132
34.760000 0.191878
34.780000 0.190574
34.800000 0.189223
34.820000 0.187822
34.840000 0.186374
34.860000 0.184879
34.880000 0.183336
34.900000 0.181747
34.920000 0.180111
34.940000 0.178429
34.960000 0.176702
34.980000 0.174930
35.000000 0.173113
35.020000 0.171252
35.040000 0.169348
35.060000 0.167400
35.080000 0.165409
35.100000 0.163377
35.120000 0.161302
35.140000 0.159187
35.160000 0.157031
35.180000 0.154835
35.200000 0.152599
35.220000 0.150325
35.240000 0.148012
35.260000 0.145661
35.280000 0.143274
35.300000 0.140849
35.320000 0.138389
35.340000 0.135894
35.360000 0.133363
35.380000 0.130799
35.400000 0.128202
35.420000 0.125572
35.440000 0.122909
35.460000 0.120216
35.480000 0.117491
35.500000 0.114737
35.520000 0.111953
35.540000 0.109141
35.560000 0.106301
35.580000 0.103434
35.600000 0.100541
35.620000 0.097622
35.640000 0.094678
35.660000 0.091709
35.680000 0.088718
35.700000 0.085704
35.720000 0.082667
35.740000 0.079610
35.760000 0.076533
35.780000 0.073435
35.800000 0.070320
35.820000 0.067186
35.840000 0.064035
35.860000 0.060867
35.880000 0.057685
35.900000 0.054487
35.920000 0.051275
35.940000 0.048051
35.960000 0.044814
35.980000 0.041565
36.000000 0.038306
36.020000 0.035038
36.040000 0.031760
36.060000 0.028474
36.080000 0.025181
36.100000 0.021881
36.120000 0.018576
36.140000 0.015266
36.160000 0.011952
36.180000 0.008635
36.200000 0.005316
36.220000 0.001995
36.240000 -0.001326
36.260000 -0.004647
36.280000 -0.007966
36.300000 -0.011284
36.320000 -0.014599
36.340000 -0.017910
36.360000 -0.021216
36.380000 -0.024517
36.400000 -0.027812
36.420000 -0.031100
36.440000 -0.034380
36.460000 -0.037651
36.480000 -0.040913
36.500000 -0.044164
36.520000 -0.047404
36.540000 -0.050632
36.560000 -0.053847
36.580000 -0.057048
36.600000 -0.060235
36.620000 -0.063406
36.640000 -0.066562
36.660000 -0.069700
36.680000 -0.072820
36.700000 -0.075922
36.720000 -0.079005
36.740000 -0.082067
36.760000 -0.085109
36.780000 -0.088129
36.800000 -0.091126
36.820000 -0.094100
36.840000 -0.097051
36.860000 -0.099976
36.880000 -0.102876
36.900000 -0.105750
36.920000 -0.108596
36.940000 -0.111415
36.960000 -0.114206
36.980000 -0.116967
37.000000 -0.119699
37.020000 -0.122400
37.040000 -0.125070
37.060000 -0.127708
37.080000 -0.130313
37.100000 -0.132885
37.120000 -0.135424
37.140000 -0.137927
37.160000 -0.140396
37.180000 -0.142829
37.200000 -0.145225
37.220000 -0.147584
37.240000 -0.149905
37.260000 -0.152189
37.280000 -0.154433
37.300000 -0.156638
37.320000 -0.158803
37.340000 -0.160928
37.360000 -0.163011
37.380000 -0.165053
37.400000 -0.167052
37.420000 -0.169009
37.440000 -0.170923
37.460000 -0.172794
37.480000 -0.174620
37.500000 -0.176401
37.520000 -0.178138
37.540000 -0.179829
37.560000 -0.181474
37.580000 -0.183073
37.600000 -0.184625
37.620000 -0.186130
37.640000 -0.187587
37.660000 -0.188997
37.680000 -0.190358
37.700000 -0.191670
37.720000 -0.192934
37.740000 -0.194148
37.760000 -0.195313
37.780000 -0.196428
37.800000 -0.197493
37.820000 -0.198507
37.840000 -0.199471
37.860000 -0.200384
37.880000 -0.201245
37.900000 -0.202055
37.920000 -0.202814
37.940000 -0.203520
37.960000 -0.204175
37.980000 -0.204777
38.000000 -0.205328
38.020000 -0.205825
38.040000 -0.206271
38.060000 -0.206663
38.080000 -0.207003
38.100000 -0.207289
38.120000 -0.207523
38.140000 -0.207704
38.160000 -0.207832
38.180000 -0.207906
38.200000 -0.207928
38.220000 -0.207896
38.240000 -0.207811
38.260000 -0.207674
38.280000 -0.207483
38.300000 -0.207239
38.320000 -0.206942
38.340000 -0.206592
38.360000 -0.206189
38.380000 -0.205734
38.400000 -0.205226
38.420000 -0.204665
38.440000 -0.204053
38.460000 -0.203388
38.480000 -0.202671
38.500000 -0.201902
38.520000 -0.201082
38.540000 -0.200210
38.560000 -0.199287
38.580000 -0.198314
38.600000 -0.197289
38.620000 -0.196214
38.640000 -0.195089
38.660000 -0.193914
38.680000 -0.192689
38.700000 -0.191415
38.720000 -0.190092
38.740000 -0.188721
38.760000 -0.187301
38.780000 -0.185834
38.800000 -0.184319
38.820000 -0.182756
38.840000 -0.181147
38.860000 -0.179492
38.880000 -0.177791
38.900000 -0.176044
38.920000 -0.174252
38.940000 -0.172416
38.960000 -0.170535
38.980000 -0.168611
39.000000 -0.166644
39.020000 -0.164634
39.040000 -0.162582
39.060000 -0.160489
39.080000 -0.158354
39.100000 -0.156179
39.120000 -0.153964
39.140000 -0.151709
39.160000 -0.149416
39.180000 -0.147084
39.200000 -0.144715
39.220000 -0.142309
39.240000 -0.139866
39.260000 -0.137387
39.280000 -0.134874
39.300000 -0.132326
39.320000 -0.129743
39.340000 -0.127128
39.360000 -0.124480
39.380000 -0.121801
39.400000 -0.119090
39.420000 -0.116348
39.440000 -0.113577
39.460000 -0.110777
39.480000 -0.107948
39.500000 -0.105092
39.520000 -0.102209
39.540000 -0.099299
39.560000 -0.096364
39.580000 -0.093405
39.600000 -0.090421
39.620000 -0.087415
39.640000 -0.084386
39.660000 -0.081335
39.680000 -0.078264
39.700000 -0.075172
39.720000 -0.072061
39.740000 -0.068932
39.760000 -0.065785
39.780000 -0.062621
39.800000 -0.059441
39.820000 -0.056246
39.840000 -0.053036
39.860000 -0.049813
39.880000 -0.046576
39.900000 -0.043328
39.920000 -0.040069
39.940000 -0.036800
39.960000 -0.033521
39.980000 -0.030233
40.000000 -0.026938
