
-0.225798	
0.249839	0.408385	
-0.103266	-0.220968	-0.262925	
-0.166821	-0.188006	-0.185809	-0.184585	
-0.181636	-0.186575	-0.186479	-0.18649	-0.186497	
-0.185278	-0.186492	-0.186487	-0.186487	-0.186487	-0.186487	
-0.186185	-0.186487	-0.186487	-0.186487	-0.186487	-0.186487	-0.186487	
-0.186411	-0.186487	-0.186487	-0.186487	-0.186487	-0.186487	-0.186487	-0.186487	



-0.00432877	
-0.201133	-0.266734	
-0.187155	-0.182495	-0.176879	
-0.186526	-0.186316	-0.186571	-0.186725	
-0.186489	-0.186477	-0.186488	-0.186487	-0.186486	
-0.186487	-0.186486	-0.186487	-0.186487	-0.186487	-0.186487	
-0.186487	-0.186487	-0.186487	-0.186487	-0.186487	-0.186487	-0.186487	
-0.186487	-0.186487	-0.186487	-0.186487	-0.186487	-0.186487	-0.186487	-0.186487	
